-9.589242746631384540e-01
-9.804931123175714136e-01
-9.946409657525651093e-01
-1.008537091477635483e+00
-1.001821819250878098e+00
-9.693084486860207294e-01
-9.424622473407296974e-01
-9.301734620905727224e-01
-8.933566972889909197e-01
-8.136814822803787317e-01
-7.334149359998731743e-01
-6.877782672887247095e-01
-6.433552868347091058e-01
-5.493770112912258474e-01
-4.201472810438485750e-01
-3.172433931168253118e-01
-2.595816547120130546e-01
-1.963767804624580726e-01
-7.928459759202055590e-02
7.082977119076611094e-02
1.909533282308630842e-01
2.550747708933757130e-01
3.031595842217272296e-01
3.903665531573092262e-01
5.232411957694012017e-01
6.546936085783728876e-01
7.355995274451688770e-01
7.628632807649153857e-01
7.776569174859833122e-01
8.232594705832090298e-01
9.068056695833988101e-01
9.968595075724285826e-01
1.052168801051152958e+00
1.053290566812963069e+00
1.013251627846520231e+00
9.643203668950530716e-01
9.350147789378128182e-01
9.339951307310869755e-01
9.485961600531336302e-01
9.549944373429694044e-01
9.315574629716227850e-01
8.679808263326161955e-01
7.673373626658664959e-01
6.424144640320934574e-01
5.096851320160121768e-01
3.839591464978639457e-01
2.753039886754143351e-01
1.883547577171655607e-01
1.232635781788153084e-01
7.733496000258476000e-02
4.661318020530132861e-02
2.704343869551508600e-02
1.512823586620219707e-02
8.172815860346103328e-03
4.270061321875334888e-03
2.160440347686631238e-03
1.059776174138394363e-03
5.045734401547592339e-04
2.334045325395823546e-04
1.049955986862662999e-04
4.597076665026190545e-05
1.960587016724845728e-05
8.150887207823454976e-06
3.305498342687761180e-06
1.308463548070285270e-06
5.058719078096276003e-07
1.911258073120307664e-07
7.060394147745811169e-08
2.551450359602819080e-08
9.024007348456469529e-09
3.125074296928559240e-09
1.060117664398932202e-09
3.524158469962354976e-10
1.148498813161941822e-10
3.670603990906465240e-11
1.150871999888763459e-11
3.541137251278504999e-12
1.069601590552721677e-12
3.172460081011952769e-13
9.242529352248905698e-14
2.645614234227536710e-14
7.442498558881733664e-15
2.058157034726293311e-15
5.596446852524529460e-16
1.496659249971788543e-16
3.937393939063731733e-17
1.019213753553959747e-17
2.596473077919509136e-18
6.511078732955119917e-19
1.607526032948580579e-19
3.908242415145840570e-20
9.358432110976398816e-21
2.207495916995080227e-21
5.130344651658283461e-22
1.174938747274300413e-22
2.652014779885613536e-23
5.900604524269018648e-24
1.294323095183113169e-24
2.799486173236646390e-25
5.971250906718397782e-26
1.256214552142590957e-26
2.606947274942469456e-27
5.337370847166259234e-28
1.078212623793352685e-28
2.149398943488535119e-29
4.228803119491996105e-30
8.212143918814754234e-31
1.574286532053047623e-31
2.979527182271445215e-32
5.567935880157300001e-33
1.027472393862859482e-33
1.872491136026420445e-34
3.370439589530031038e-35
5.992567259657731687e-36
1.052544022847010732e-36
1.826455073451065953e-37
3.131543985107690006e-38
5.305512318015810993e-39
8.882864076438412973e-40
1.469847577815039096e-40
2.403925763028668094e-41
3.886282102935203976e-42
6.210783267036642124e-43
9.812749218697727326e-44
1.532851374885129050e-44
2.367589711779292648e-45
3.616106514399383762e-46
5.461790073711159238e-47
8.158640506331832282e-48
1.205366002316307567e-48
1.761437125150405769e-49
2.546188392748534939e-50
3.640966035483479231e-51
5.150772611716024826e-52
7.209151920187180051e-53
9.983386333887163156e-54
1.367977012138115879e-54
1.854862622122397075e-55
2.488863240051307494e-56
3.304992407330335695e-57
4.343535617268779037e-58
5.649924838535082127e-59
7.274292104207541583e-60
9.270636721302406110e-61
1.169555125009245385e-61
1.460646963179758505e-62
1.805942699318022544e-63
2.210635424849829583e-64
2.679197027537337784e-65
3.215037783036356578e-66
3.820151325997509776e-67
4.494764049404129279e-68
5.237011239322825538e-69
6.042664285357857063e-70
6.904933720615605413e-71
7.814371342279182200e-72
8.758891093537153631e-73
9.723922780786487556e-74
1.069270529159675816e-74
1.164671720734760118e-75
1.256623318810879084e-76
1.343098499756282795e-77
1.422089735024465884e-78
1.491686170623965630e-79
1.550150641603819400e-80
1.595991976010621665e-81
1.628028372332472576e-82
1.645438080324386973e-83
1.647794349222578827e-84
1.635082574697182200e-85
1.607698699626246428e-86
1.566429112717534759e-87
1.512413446668154527e-88
1.447092711653491333e-89
1.372146031304586292e-90
1.289419818186334907e-91
1.200853500622405006e-92
1.108405886330383638e-93
1.013985940939645793e-94
9.193912141014347746e-96
8.262564227605672283e-97
7.360138706082478904e-98
6.498665178882583100e-99
5.687736854252876430e-100
4.934486396686687448e-101
4.243667059872270503e-102
3.617821229862283041e-103
3.057515917175195236e-104
2.561623850271757815e-105
2.127629455664458540e-106
1.751940883101038991e-107
1.430192013421915382e-108
1.157521720185725051e-109
9.288212087640574059e-111
7.389437357721624927e-112
5.828741850279726458e-113
4.558586795147438495e-114
3.534966167371545577e-115
2.717898033185350131e-116
2.083901971366425669e-117
0.000000000000000000e+00
