-9.589242746631384540e-01
-9.813428684820756365e-01
-9.950069511486101526e-01
-1.000516511346867699e+00
-9.963557591405072245e-01
-9.816917567782179610e-01
-9.588544097313145276e-01
-9.296140917826098971e-01
-8.917433821843721020e-01
-8.428313683891988095e-01
-7.853053410422484726e-01
-7.237693201036037305e-01
-6.584154010223333131e-01
-5.850349634499257823e-01
-5.020367433665807733e-01
-4.140995641594641952e-01
-3.269549278305692863e-01
-2.404884998050489386e-01
-1.495858547347049261e-01
-5.161787328169829131e-02
4.904854276603646396e-02
1.450478149602870970e-01
2.335868105534597006e-01
3.187991845769619914e-01
4.064700364729545989e-01
4.970890413529349128e-01
5.844555439020855392e-01
6.609163232172099445e-01
7.238671850524707185e-01
7.775174193525913324e-01
8.287288556679716089e-01
8.808830452777124398e-01
9.308496801629716488e-01
9.710844637601968588e-01
9.948262296228931323e-01
1.000475889162326215e+00
9.923813307718275523e-01
9.779795259353890602e-01
9.634463546732685568e-01
9.504657275763729318e-01
9.356286638035666847e-01
9.123342189090488663e-01
8.738983132313078439e-01
8.163296627235947511e-01
7.397445445591152025e-01
6.481939254002159201e-01
5.483278961215981573e-01
4.476070331698785432e-01
3.527054785337229159e-01
2.684870839011000432e-01
1.976420319063106334e-01
1.408586160834114365e-01
9.731014761880071862e-02
6.524138910485972886e-02
4.249943676780396085e-02
2.692902429778522636e-02
1.661471360861150465e-02
9.991505377355748563e-03
5.861918355087796656e-03
3.358143112708780308e-03
1.880032182577527763e-03
1.029370750926939925e-03
5.516097892909758906e-04
2.894941134307431546e-04
1.488920599371824655e-04
7.509093670609028482e-05
3.715633606790952532e-05
1.804841375411962687e-05
8.610427506189823692e-06
4.036425363158744782e-06
1.860166755687813406e-06
8.430935769049477821e-07
3.759634180868691023e-07
1.650173781607885017e-07
7.131624588453671089e-08
3.035812672650378528e-08
1.273313316039443846e-08
5.263917652116978765e-09
2.145507609708961744e-09
8.624347621998795973e-10
3.419955555809551632e-10
1.338229332453460248e-10
5.168561958475547754e-11
1.970819616347706931e-11
7.421073964574615291e-12
2.760134708983520888e-12
1.014225866737140847e-12
3.682763046553479574e-13
1.321715869485328511e-13
4.689376711320663880e-14
1.645088856118504543e-14
5.707456013904237279e-15
1.958636656188720321e-15
6.649666839677929011e-16
2.233854213206274596e-16
7.426610608126266008e-17
2.443864710812940047e-17
7.961264897778941201e-18
2.567858886528021800e-18
8.201782968195654322e-19
2.594510940710296415e-19
8.129675418666901552e-20
2.523597431856865698e-20
7.761635446606669715e-21
2.365529165223516911e-21
7.144953902465169093e-22
2.139042304659357831e-22
6.348038551487039826e-23
1.867712858944012072e-23
5.448537293529950173e-24
1.576146982598308318e-24
4.521754974443043823e-25
1.286637805293013278e-25
3.631524253925072284e-26
1.016829893968605458e-26
2.824728717138114963e-27
7.786022934387227648e-28
2.129637050948878130e-28
5.780775280145161356e-29
1.557384658047890479e-29
4.164596307263790682e-30
1.105488513713119363e-30
2.913239442153936641e-31
7.622094156759148400e-32
1.980083238229552444e-32
5.107845064037030677e-33
1.308490418365100813e-33
3.329007010460514534e-34
8.412059323058463514e-35
2.111372662954402290e-35
5.264211152238117928e-36
1.303880665741002915e-36
3.208545882120778158e-37
7.844652242356253921e-38
1.905736269728644690e-38
4.600485519134005340e-39
1.103631006292792022e-39
2.631180067893252560e-40
6.234624630248226650e-41
1.468348876878626810e-41
3.437423857405227528e-42
7.999208970152201901e-43
1.850529124884892595e-43
4.256024443719346193e-44
9.731853814155311951e-45
2.212554003453694466e-45
5.001752489902152534e-46
1.124354652065043082e-46
2.513388780746841248e-47
5.587445587197379434e-48
1.235338360299716025e-48
2.716432330647216507e-49
5.941186905893668162e-50
1.292497137857751568e-50
2.796973698100849008e-51
6.021014110560469369e-52
1.289416202921757160e-52
2.747123996873324798e-53
5.822965471347201893e-54
1.228032456554774407e-54
2.576877292550982520e-55
5.380395556411013292e-56
1.117864818399614888e-56
2.311195947109740502e-57
4.755258889663697286e-58
9.736856225294456892e-59
1.984209695039540812e-59
4.024365177415669071e-60
8.123903447497215305e-61
1.632322622327954076e-61
3.264654418755517780e-62
6.499415089114621324e-63
1.288050325843331013e-63
2.541138475578402564e-64
4.990867158478766685e-65
9.758676001379853940e-66
1.899712280392195872e-66
3.681980120488366397e-67
7.105361372489283974e-68
1.365262871076073668e-68
2.612076167708689739e-69
4.976324949962723134e-70
9.440579983094089794e-71
1.783483956928915941e-71
3.355318031601935829e-72
6.286447967195068323e-73
1.172997654514524983e-73
2.179826949409898795e-74
4.034527305446463431e-75
7.437408314452586968e-76
1.365593114577025322e-76
2.497491346822067608e-77
4.549689425056568151e-78
8.255940534632192729e-79
1.492348397624130876e-79
2.687227489512769777e-80
4.820372606958838711e-81
8.614208237708767873e-82
1.532803257370481488e-82
2.781166421857358831e-83
0.000000000000000000e+00
